718598288
795422196
1268705145
662107662
1082396829
995322180
830174466
665480833
847331711
861487828
507399699
607605528
711727033
480151092
480025079
303212687
1356886022
414926314
904917755
773778734
398096812
773661341
514774769
599306051
405192353
743431122
1233934708
1306955718
586375367
451058943
775719384
744245094
913453748
315894900
732238281
267564471
505375162
1635651244
703573956
406299011
621755474
992772097
722457181
319120065
761076165
505547099
5018617293
382000682
244893049
5336662587
969667049
1258402007
